(kicad_pcb (version 20171130) (host pcbnew "(5.1.6)-1")

  (general
    (thickness 1.6)
    (drawings 0)
    (tracks 0)
    (zones 0)
    (modules 50)
    (nets 102)
  )

  (page A4)
  (layers
    (0 F.Cu signal)
    (31 B.Cu signal)
    (32 B.Adhes user)
    (33 F.Adhes user)
    (34 B.Paste user)
    (35 F.Paste user)
    (36 B.SilkS user)
    (37 F.SilkS user)
    (38 B.Mask user)
    (39 F.Mask user)
    (40 Dwgs.User user)
    (41 Cmts.User user)
    (42 Eco1.User user)
    (43 Eco2.User user)
    (44 Edge.Cuts user)
    (45 Margin user)
    (46 B.CrtYd user)
    (47 F.CrtYd user)
    (48 B.Fab user)
    (49 F.Fab user)
  )

  (setup
    (last_trace_width 0.25)
    (trace_clearance 0.2)
    (zone_clearance 0.508)
    (zone_45_only no)
    (trace_min 0.2)
    (via_size 0.8)
    (via_drill 0.4)
    (via_min_size 0.4)
    (via_min_drill 0.3)
    (uvia_size 0.3)
    (uvia_drill 0.1)
    (uvias_allowed no)
    (uvia_min_size 0.2)
    (uvia_min_drill 0.1)
    (edge_width 0.05)
    (segment_width 0.2)
    (pcb_text_width 0.3)
    (pcb_text_size 1.5 1.5)
    (mod_edge_width 0.12)
    (mod_text_size 1 1)
    (mod_text_width 0.15)
    (pad_size 1.524 1.524)
    (pad_drill 0.762)
    (pad_to_mask_clearance 0.05)
    (aux_axis_origin 0 0)
    (visible_elements FFFFFF7F)
    (pcbplotparams
      (layerselection 0x010fc_ffffffff)
      (usegerberextensions false)
      (usegerberattributes true)
      (usegerberadvancedattributes true)
      (creategerberjobfile true)
      (excludeedgelayer true)
      (linewidth 0.100000)
      (plotframeref false)
      (viasonmask false)
      (mode 1)
      (useauxorigin false)
      (hpglpennumber 1)
      (hpglpenspeed 20)
      (hpglpendiameter 15.000000)
      (psnegative false)
      (psa4output false)
      (plotreference true)
      (plotvalue true)
      (plotinvisibletext false)
      (padsonsilk false)
      (subtractmaskfromsilk false)
      (outputformat 1)
      (mirror false)
      (drillshape 1)
      (scaleselection 1)
      (outputdirectory ""))
  )

  (net 0 "")
  (net 1 GND)
  (net 2 +3V3)
  (net 3 RTD1_N)
  (net 4 RTD1_P)
  (net 5 RTD2_P)
  (net 6 RTD2_N)
  (net 7 RTD3_P)
  (net 8 RTD3_N)
  (net 9 "Net-(C10-Pad1)")
  (net 10 RTD4_P)
  (net 11 RTD4_N)
  (net 12 RTD5_P)
  (net 13 RTD5_N)
  (net 14 TC1_N)
  (net 15 TC2_N)
  (net 16 TC1_P)
  (net 17 TC2_P)
  (net 18 "Net-(C24-Pad2)")
  (net 19 RTD1_F)
  (net 20 RTD3_F)
  (net 21 RTD5_F)
  (net 22 RTD2_F)
  (net 23 RTD4_F)
  (net 24 "Net-(J3-Pad1)")
  (net 25 "Net-(J3-Pad3)")
  (net 26 "Net-(J3-Pad4)")
  (net 27 "Net-(J3-Pad6)")
  (net 28 "Net-(J3-Pad7)")
  (net 29 "Net-(J3-Pad10)")
  (net 30 "Net-(J3-Pad12)")
  (net 31 "Net-(J3-Pad11)")
  (net 32 "Net-(R1-Pad2)")
  (net 33 "Net-(R1-Pad1)")
  (net 34 "Net-(R2-Pad1)")
  (net 35 "Net-(R2-Pad2)")
  (net 36 "Net-(R3-Pad2)")
  (net 37 "Net-(R3-Pad1)")
  (net 38 "Net-(R4-Pad1)")
  (net 39 "Net-(R4-Pad2)")
  (net 40 "Net-(R5-Pad1)")
  (net 41 "Net-(R5-Pad2)")
  (net 42 "Net-(R6-Pad2)")
  (net 43 SDI)
  (net 44 "Net-(R7-Pad1)")
  (net 45 SCLK)
  (net 46 "Net-(U1-Pad20)")
  (net 47 "Net-(U1-Pad1)")
  (net 48 SDO)
  (net 49 CS_RTD1)
  (net 50 CS_RTD2)
  (net 51 "Net-(U2-Pad1)")
  (net 52 "Net-(U2-Pad20)")
  (net 53 "Net-(U3-Pad20)")
  (net 54 "Net-(U3-Pad1)")
  (net 55 CS_RTD3)
  (net 56 "Net-(U4-Pad20)")
  (net 57 "Net-(U4-Pad1)")
  (net 58 CS_RTD4)
  (net 59 CS_RTD5)
  (net 60 "Net-(U5-Pad1)")
  (net 61 "Net-(U5-Pad20)")
  (net 62 "Net-(U6-Pad45)")
  (net 63 "Net-(U6-Pad44)")
  (net 64 "Net-(U6-Pad38)")
  (net 65 "Net-(U6-Pad37)")
  (net 66 "Net-(U6-Pad36)")
  (net 67 "Net-(U6-Pad2)")
  (net 68 "Net-(U6-Pad3)")
  (net 69 "Net-(U6-Pad4)")
  (net 70 "Net-(U6-Pad5)")
  (net 71 "Net-(U6-Pad6)")
  (net 72 "Net-(U6-Pad7)")
  (net 73 "Net-(U6-Pad8)")
  (net 74 "Net-(U6-Pad9)")
  (net 75 "Net-(U6-Pad10)")
  (net 76 "Net-(U6-Pad11)")
  (net 77 "Net-(U6-Pad12)")
  (net 78 "Net-(U6-Pad33)")
  (net 79 "Net-(U6-Pad32)")
  (net 80 CS_TC1)
  (net 81 CS_TC2)
  (net 82 TC1_FAULT)
  (net 83 TC2_FAULT)
  (net 84 CS_TMP)
  (net 85 "Net-(U6-Pad26)")
  (net 86 "Net-(U6-Pad25)")
  (net 87 "Net-(U6-Pad24)")
  (net 88 "Net-(U6-Pad23)")
  (net 89 "Net-(U6-Pad22)")
  (net 90 "Net-(U6-Pad21)")
  (net 91 "Net-(U6-Pad15)")
  (net 92 "Net-(U6-Pad16)")
  (net 93 "Net-(U6-Pad20)")
  (net 94 "Net-(U6-Pad19)")
  (net 95 "Net-(U6-Pad18)")
  (net 96 "Net-(U6-Pad17)")
  (net 97 "Net-(U7-Pad6)")
  (net 98 TC1_DRDY)
  (net 99 "Net-(U8-Pad6)")
  (net 100 "Net-(U9-Pad1)")
  (net 101 "Net-(J1-Pad3)")

  (net_class Default "This is the default net class."
    (clearance 0.2)
    (trace_width 0.25)
    (via_dia 0.8)
    (via_drill 0.4)
    (uvia_dia 0.3)
    (uvia_drill 0.1)
    (add_net +3V3)
    (add_net CS_RTD1)
    (add_net CS_RTD2)
    (add_net CS_RTD3)
    (add_net CS_RTD4)
    (add_net CS_RTD5)
    (add_net CS_TC1)
    (add_net CS_TC2)
    (add_net CS_TMP)
    (add_net GND)
    (add_net "Net-(C10-Pad1)")
    (add_net "Net-(C24-Pad2)")
    (add_net "Net-(J1-Pad3)")
    (add_net "Net-(J3-Pad1)")
    (add_net "Net-(J3-Pad10)")
    (add_net "Net-(J3-Pad11)")
    (add_net "Net-(J3-Pad12)")
    (add_net "Net-(J3-Pad3)")
    (add_net "Net-(J3-Pad4)")
    (add_net "Net-(J3-Pad6)")
    (add_net "Net-(J3-Pad7)")
    (add_net "Net-(R1-Pad1)")
    (add_net "Net-(R1-Pad2)")
    (add_net "Net-(R2-Pad1)")
    (add_net "Net-(R2-Pad2)")
    (add_net "Net-(R3-Pad1)")
    (add_net "Net-(R3-Pad2)")
    (add_net "Net-(R4-Pad1)")
    (add_net "Net-(R4-Pad2)")
    (add_net "Net-(R5-Pad1)")
    (add_net "Net-(R5-Pad2)")
    (add_net "Net-(R6-Pad2)")
    (add_net "Net-(R7-Pad1)")
    (add_net "Net-(U1-Pad1)")
    (add_net "Net-(U1-Pad20)")
    (add_net "Net-(U2-Pad1)")
    (add_net "Net-(U2-Pad20)")
    (add_net "Net-(U3-Pad1)")
    (add_net "Net-(U3-Pad20)")
    (add_net "Net-(U4-Pad1)")
    (add_net "Net-(U4-Pad20)")
    (add_net "Net-(U5-Pad1)")
    (add_net "Net-(U5-Pad20)")
    (add_net "Net-(U6-Pad10)")
    (add_net "Net-(U6-Pad11)")
    (add_net "Net-(U6-Pad12)")
    (add_net "Net-(U6-Pad15)")
    (add_net "Net-(U6-Pad16)")
    (add_net "Net-(U6-Pad17)")
    (add_net "Net-(U6-Pad18)")
    (add_net "Net-(U6-Pad19)")
    (add_net "Net-(U6-Pad2)")
    (add_net "Net-(U6-Pad20)")
    (add_net "Net-(U6-Pad21)")
    (add_net "Net-(U6-Pad22)")
    (add_net "Net-(U6-Pad23)")
    (add_net "Net-(U6-Pad24)")
    (add_net "Net-(U6-Pad25)")
    (add_net "Net-(U6-Pad26)")
    (add_net "Net-(U6-Pad3)")
    (add_net "Net-(U6-Pad32)")
    (add_net "Net-(U6-Pad33)")
    (add_net "Net-(U6-Pad36)")
    (add_net "Net-(U6-Pad37)")
    (add_net "Net-(U6-Pad38)")
    (add_net "Net-(U6-Pad4)")
    (add_net "Net-(U6-Pad44)")
    (add_net "Net-(U6-Pad45)")
    (add_net "Net-(U6-Pad5)")
    (add_net "Net-(U6-Pad6)")
    (add_net "Net-(U6-Pad7)")
    (add_net "Net-(U6-Pad8)")
    (add_net "Net-(U6-Pad9)")
    (add_net "Net-(U7-Pad6)")
    (add_net "Net-(U8-Pad6)")
    (add_net "Net-(U9-Pad1)")
    (add_net RTD1_F)
    (add_net RTD1_N)
    (add_net RTD1_P)
    (add_net RTD2_F)
    (add_net RTD2_N)
    (add_net RTD2_P)
    (add_net RTD3_F)
    (add_net RTD3_N)
    (add_net RTD3_P)
    (add_net RTD4_F)
    (add_net RTD4_N)
    (add_net RTD4_P)
    (add_net RTD5_F)
    (add_net RTD5_N)
    (add_net RTD5_P)
    (add_net SCLK)
    (add_net SDI)
    (add_net SDO)
    (add_net TC1_DRDY)
    (add_net TC1_FAULT)
    (add_net TC1_N)
    (add_net TC1_P)
    (add_net TC2_FAULT)
    (add_net TC2_N)
    (add_net TC2_P)
  )

  (module Capacitor_SMD:C_0805_2012Metric_Pad1.15x1.40mm_HandSolder (layer F.Cu) (tedit 5B36C52B) (tstamp 613FA27C)
    (at 107.331001 77.603001)
    (descr "Capacitor SMD 0805 (2012 Metric), square (rectangular) end terminal, IPC_7351 nominal with elongated pad for handsoldering. (Body size source: https://docs.google.com/spreadsheets/d/1BsfQQcO9C6DZCsRaXUlFlo91Tg2WpOkGARC1WS5S8t0/edit?usp=sharing), generated with kicad-footprint-generator")
    (tags "capacitor handsolder")
    (path /613D794B)
    (attr smd)
    (fp_text reference C1 (at 0 -1.65) (layer F.SilkS)
      (effects (font (size 1 1) (thickness 0.15)))
    )
    (fp_text value 0.1uF (at 0 1.65) (layer F.Fab)
      (effects (font (size 1 1) (thickness 0.15)))
    )
    (fp_line (start 1.85 0.95) (end -1.85 0.95) (layer F.CrtYd) (width 0.05))
    (fp_line (start 1.85 -0.95) (end 1.85 0.95) (layer F.CrtYd) (width 0.05))
    (fp_line (start -1.85 -0.95) (end 1.85 -0.95) (layer F.CrtYd) (width 0.05))
    (fp_line (start -1.85 0.95) (end -1.85 -0.95) (layer F.CrtYd) (width 0.05))
    (fp_line (start -0.261252 0.71) (end 0.261252 0.71) (layer F.SilkS) (width 0.12))
    (fp_line (start -0.261252 -0.71) (end 0.261252 -0.71) (layer F.SilkS) (width 0.12))
    (fp_line (start 1 0.6) (end -1 0.6) (layer F.Fab) (width 0.1))
    (fp_line (start 1 -0.6) (end 1 0.6) (layer F.Fab) (width 0.1))
    (fp_line (start -1 -0.6) (end 1 -0.6) (layer F.Fab) (width 0.1))
    (fp_line (start -1 0.6) (end -1 -0.6) (layer F.Fab) (width 0.1))
    (fp_text user %R (at 0 0) (layer F.Fab)
      (effects (font (size 0.5 0.5) (thickness 0.08)))
    )
    (pad 1 smd roundrect (at -1.025 0) (size 1.15 1.4) (layers F.Cu F.Paste F.Mask) (roundrect_rratio 0.217391)
      (net 1 GND))
    (pad 2 smd roundrect (at 1.025 0) (size 1.15 1.4) (layers F.Cu F.Paste F.Mask) (roundrect_rratio 0.217391)
      (net 2 +3V3))
    (model ${KISYS3DMOD}/Capacitor_SMD.3dshapes/C_0805_2012Metric.wrl
      (at (xyz 0 0 0))
      (scale (xyz 1 1 1))
      (rotate (xyz 0 0 0))
    )
  )

  (module Capacitor_SMD:C_0805_2012Metric_Pad1.15x1.40mm_HandSolder (layer F.Cu) (tedit 5B36C52B) (tstamp 613FA28D)
    (at 112.081001 79.813001)
    (descr "Capacitor SMD 0805 (2012 Metric), square (rectangular) end terminal, IPC_7351 nominal with elongated pad for handsoldering. (Body size source: https://docs.google.com/spreadsheets/d/1BsfQQcO9C6DZCsRaXUlFlo91Tg2WpOkGARC1WS5S8t0/edit?usp=sharing), generated with kicad-footprint-generator")
    (tags "capacitor handsolder")
    (path /613D835B)
    (attr smd)
    (fp_text reference C2 (at 0 -1.65) (layer F.SilkS)
      (effects (font (size 1 1) (thickness 0.15)))
    )
    (fp_text value 0.1uF (at 0 1.65) (layer F.Fab)
      (effects (font (size 1 1) (thickness 0.15)))
    )
    (fp_text user %R (at 0 0) (layer F.Fab)
      (effects (font (size 0.5 0.5) (thickness 0.08)))
    )
    (fp_line (start -1 0.6) (end -1 -0.6) (layer F.Fab) (width 0.1))
    (fp_line (start -1 -0.6) (end 1 -0.6) (layer F.Fab) (width 0.1))
    (fp_line (start 1 -0.6) (end 1 0.6) (layer F.Fab) (width 0.1))
    (fp_line (start 1 0.6) (end -1 0.6) (layer F.Fab) (width 0.1))
    (fp_line (start -0.261252 -0.71) (end 0.261252 -0.71) (layer F.SilkS) (width 0.12))
    (fp_line (start -0.261252 0.71) (end 0.261252 0.71) (layer F.SilkS) (width 0.12))
    (fp_line (start -1.85 0.95) (end -1.85 -0.95) (layer F.CrtYd) (width 0.05))
    (fp_line (start -1.85 -0.95) (end 1.85 -0.95) (layer F.CrtYd) (width 0.05))
    (fp_line (start 1.85 -0.95) (end 1.85 0.95) (layer F.CrtYd) (width 0.05))
    (fp_line (start 1.85 0.95) (end -1.85 0.95) (layer F.CrtYd) (width 0.05))
    (pad 2 smd roundrect (at 1.025 0) (size 1.15 1.4) (layers F.Cu F.Paste F.Mask) (roundrect_rratio 0.217391)
      (net 2 +3V3))
    (pad 1 smd roundrect (at -1.025 0) (size 1.15 1.4) (layers F.Cu F.Paste F.Mask) (roundrect_rratio 0.217391)
      (net 1 GND))
    (model ${KISYS3DMOD}/Capacitor_SMD.3dshapes/C_0805_2012Metric.wrl
      (at (xyz 0 0 0))
      (scale (xyz 1 1 1))
      (rotate (xyz 0 0 0))
    )
  )

  (module Capacitor_SMD:C_0805_2012Metric_Pad1.15x1.40mm_HandSolder (layer F.Cu) (tedit 5B36C52B) (tstamp 613FA29E)
    (at 104.201001 90.693001)
    (descr "Capacitor SMD 0805 (2012 Metric), square (rectangular) end terminal, IPC_7351 nominal with elongated pad for handsoldering. (Body size source: https://docs.google.com/spreadsheets/d/1BsfQQcO9C6DZCsRaXUlFlo91Tg2WpOkGARC1WS5S8t0/edit?usp=sharing), generated with kicad-footprint-generator")
    (tags "capacitor handsolder")
    (path /61511123)
    (attr smd)
    (fp_text reference C3 (at 0 -1.65) (layer F.SilkS)
      (effects (font (size 1 1) (thickness 0.15)))
    )
    (fp_text value 0.1uF (at 0 1.65) (layer F.Fab)
      (effects (font (size 1 1) (thickness 0.15)))
    )
    (fp_text user %R (at 0 0) (layer F.Fab)
      (effects (font (size 0.5 0.5) (thickness 0.08)))
    )
    (fp_line (start -1 0.6) (end -1 -0.6) (layer F.Fab) (width 0.1))
    (fp_line (start -1 -0.6) (end 1 -0.6) (layer F.Fab) (width 0.1))
    (fp_line (start 1 -0.6) (end 1 0.6) (layer F.Fab) (width 0.1))
    (fp_line (start 1 0.6) (end -1 0.6) (layer F.Fab) (width 0.1))
    (fp_line (start -0.261252 -0.71) (end 0.261252 -0.71) (layer F.SilkS) (width 0.12))
    (fp_line (start -0.261252 0.71) (end 0.261252 0.71) (layer F.SilkS) (width 0.12))
    (fp_line (start -1.85 0.95) (end -1.85 -0.95) (layer F.CrtYd) (width 0.05))
    (fp_line (start -1.85 -0.95) (end 1.85 -0.95) (layer F.CrtYd) (width 0.05))
    (fp_line (start 1.85 -0.95) (end 1.85 0.95) (layer F.CrtYd) (width 0.05))
    (fp_line (start 1.85 0.95) (end -1.85 0.95) (layer F.CrtYd) (width 0.05))
    (pad 2 smd roundrect (at 1.025 0) (size 1.15 1.4) (layers F.Cu F.Paste F.Mask) (roundrect_rratio 0.217391)
      (net 2 +3V3))
    (pad 1 smd roundrect (at -1.025 0) (size 1.15 1.4) (layers F.Cu F.Paste F.Mask) (roundrect_rratio 0.217391)
      (net 1 GND))
    (model ${KISYS3DMOD}/Capacitor_SMD.3dshapes/C_0805_2012Metric.wrl
      (at (xyz 0 0 0))
      (scale (xyz 1 1 1))
      (rotate (xyz 0 0 0))
    )
  )

  (module Capacitor_SMD:C_0805_2012Metric_Pad1.15x1.40mm_HandSolder (layer F.Cu) (tedit 5B36C52B) (tstamp 613FA2AF)
    (at 104.881001 87.743001)
    (descr "Capacitor SMD 0805 (2012 Metric), square (rectangular) end terminal, IPC_7351 nominal with elongated pad for handsoldering. (Body size source: https://docs.google.com/spreadsheets/d/1BsfQQcO9C6DZCsRaXUlFlo91Tg2WpOkGARC1WS5S8t0/edit?usp=sharing), generated with kicad-footprint-generator")
    (tags "capacitor handsolder")
    (path /61511129)
    (attr smd)
    (fp_text reference C4 (at 0 -1.65) (layer F.SilkS)
      (effects (font (size 1 1) (thickness 0.15)))
    )
    (fp_text value 0.1uF (at 0 1.65) (layer F.Fab)
      (effects (font (size 1 1) (thickness 0.15)))
    )
    (fp_line (start 1.85 0.95) (end -1.85 0.95) (layer F.CrtYd) (width 0.05))
    (fp_line (start 1.85 -0.95) (end 1.85 0.95) (layer F.CrtYd) (width 0.05))
    (fp_line (start -1.85 -0.95) (end 1.85 -0.95) (layer F.CrtYd) (width 0.05))
    (fp_line (start -1.85 0.95) (end -1.85 -0.95) (layer F.CrtYd) (width 0.05))
    (fp_line (start -0.261252 0.71) (end 0.261252 0.71) (layer F.SilkS) (width 0.12))
    (fp_line (start -0.261252 -0.71) (end 0.261252 -0.71) (layer F.SilkS) (width 0.12))
    (fp_line (start 1 0.6) (end -1 0.6) (layer F.Fab) (width 0.1))
    (fp_line (start 1 -0.6) (end 1 0.6) (layer F.Fab) (width 0.1))
    (fp_line (start -1 -0.6) (end 1 -0.6) (layer F.Fab) (width 0.1))
    (fp_line (start -1 0.6) (end -1 -0.6) (layer F.Fab) (width 0.1))
    (fp_text user %R (at 0 0) (layer F.Fab)
      (effects (font (size 0.5 0.5) (thickness 0.08)))
    )
    (pad 1 smd roundrect (at -1.025 0) (size 1.15 1.4) (layers F.Cu F.Paste F.Mask) (roundrect_rratio 0.217391)
      (net 1 GND))
    (pad 2 smd roundrect (at 1.025 0) (size 1.15 1.4) (layers F.Cu F.Paste F.Mask) (roundrect_rratio 0.217391)
      (net 2 +3V3))
    (model ${KISYS3DMOD}/Capacitor_SMD.3dshapes/C_0805_2012Metric.wrl
      (at (xyz 0 0 0))
      (scale (xyz 1 1 1))
      (rotate (xyz 0 0 0))
    )
  )

  (module Capacitor_SMD:C_0805_2012Metric_Pad1.15x1.40mm_HandSolder (layer F.Cu) (tedit 5B36C52B) (tstamp 613FA2C0)
    (at 109.631001 86.453001)
    (descr "Capacitor SMD 0805 (2012 Metric), square (rectangular) end terminal, IPC_7351 nominal with elongated pad for handsoldering. (Body size source: https://docs.google.com/spreadsheets/d/1BsfQQcO9C6DZCsRaXUlFlo91Tg2WpOkGARC1WS5S8t0/edit?usp=sharing), generated with kicad-footprint-generator")
    (tags "capacitor handsolder")
    (path /61520DD3)
    (attr smd)
    (fp_text reference C5 (at 0 -1.65) (layer F.SilkS)
      (effects (font (size 1 1) (thickness 0.15)))
    )
    (fp_text value 0.1uF (at 0 1.65) (layer F.Fab)
      (effects (font (size 1 1) (thickness 0.15)))
    )
    (fp_line (start 1.85 0.95) (end -1.85 0.95) (layer F.CrtYd) (width 0.05))
    (fp_line (start 1.85 -0.95) (end 1.85 0.95) (layer F.CrtYd) (width 0.05))
    (fp_line (start -1.85 -0.95) (end 1.85 -0.95) (layer F.CrtYd) (width 0.05))
    (fp_line (start -1.85 0.95) (end -1.85 -0.95) (layer F.CrtYd) (width 0.05))
    (fp_line (start -0.261252 0.71) (end 0.261252 0.71) (layer F.SilkS) (width 0.12))
    (fp_line (start -0.261252 -0.71) (end 0.261252 -0.71) (layer F.SilkS) (width 0.12))
    (fp_line (start 1 0.6) (end -1 0.6) (layer F.Fab) (width 0.1))
    (fp_line (start 1 -0.6) (end 1 0.6) (layer F.Fab) (width 0.1))
    (fp_line (start -1 -0.6) (end 1 -0.6) (layer F.Fab) (width 0.1))
    (fp_line (start -1 0.6) (end -1 -0.6) (layer F.Fab) (width 0.1))
    (fp_text user %R (at 0 0) (layer F.Fab)
      (effects (font (size 0.5 0.5) (thickness 0.08)))
    )
    (pad 1 smd roundrect (at -1.025 0) (size 1.15 1.4) (layers F.Cu F.Paste F.Mask) (roundrect_rratio 0.217391)
      (net 1 GND))
    (pad 2 smd roundrect (at 1.025 0) (size 1.15 1.4) (layers F.Cu F.Paste F.Mask) (roundrect_rratio 0.217391)
      (net 2 +3V3))
    (model ${KISYS3DMOD}/Capacitor_SMD.3dshapes/C_0805_2012Metric.wrl
      (at (xyz 0 0 0))
      (scale (xyz 1 1 1))
      (rotate (xyz 0 0 0))
    )
  )

  (module Capacitor_SMD:C_0805_2012Metric_Pad1.15x1.40mm_HandSolder (layer F.Cu) (tedit 5B36C52B) (tstamp 613FA2D1)
    (at 109.631001 83.503001)
    (descr "Capacitor SMD 0805 (2012 Metric), square (rectangular) end terminal, IPC_7351 nominal with elongated pad for handsoldering. (Body size source: https://docs.google.com/spreadsheets/d/1BsfQQcO9C6DZCsRaXUlFlo91Tg2WpOkGARC1WS5S8t0/edit?usp=sharing), generated with kicad-footprint-generator")
    (tags "capacitor handsolder")
    (path /61520DD9)
    (attr smd)
    (fp_text reference C6 (at 0 -1.65) (layer F.SilkS)
      (effects (font (size 1 1) (thickness 0.15)))
    )
    (fp_text value 0.1uF (at 0 1.65) (layer F.Fab)
      (effects (font (size 1 1) (thickness 0.15)))
    )
    (fp_text user %R (at 0 0) (layer F.Fab)
      (effects (font (size 0.5 0.5) (thickness 0.08)))
    )
    (fp_line (start -1 0.6) (end -1 -0.6) (layer F.Fab) (width 0.1))
    (fp_line (start -1 -0.6) (end 1 -0.6) (layer F.Fab) (width 0.1))
    (fp_line (start 1 -0.6) (end 1 0.6) (layer F.Fab) (width 0.1))
    (fp_line (start 1 0.6) (end -1 0.6) (layer F.Fab) (width 0.1))
    (fp_line (start -0.261252 -0.71) (end 0.261252 -0.71) (layer F.SilkS) (width 0.12))
    (fp_line (start -0.261252 0.71) (end 0.261252 0.71) (layer F.SilkS) (width 0.12))
    (fp_line (start -1.85 0.95) (end -1.85 -0.95) (layer F.CrtYd) (width 0.05))
    (fp_line (start -1.85 -0.95) (end 1.85 -0.95) (layer F.CrtYd) (width 0.05))
    (fp_line (start 1.85 -0.95) (end 1.85 0.95) (layer F.CrtYd) (width 0.05))
    (fp_line (start 1.85 0.95) (end -1.85 0.95) (layer F.CrtYd) (width 0.05))
    (pad 2 smd roundrect (at 1.025 0) (size 1.15 1.4) (layers F.Cu F.Paste F.Mask) (roundrect_rratio 0.217391)
      (net 2 +3V3))
    (pad 1 smd roundrect (at -1.025 0) (size 1.15 1.4) (layers F.Cu F.Paste F.Mask) (roundrect_rratio 0.217391)
      (net 1 GND))
    (model ${KISYS3DMOD}/Capacitor_SMD.3dshapes/C_0805_2012Metric.wrl
      (at (xyz 0 0 0))
      (scale (xyz 1 1 1))
      (rotate (xyz 0 0 0))
    )
  )

  (module Capacitor_SMD:C_0805_2012Metric_Pad1.15x1.40mm_HandSolder (layer F.Cu) (tedit 5B36C52B) (tstamp 613FA2E2)
    (at 104.881001 84.793001)
    (descr "Capacitor SMD 0805 (2012 Metric), square (rectangular) end terminal, IPC_7351 nominal with elongated pad for handsoldering. (Body size source: https://docs.google.com/spreadsheets/d/1BsfQQcO9C6DZCsRaXUlFlo91Tg2WpOkGARC1WS5S8t0/edit?usp=sharing), generated with kicad-footprint-generator")
    (tags "capacitor handsolder")
    (path /613D5A57)
    (attr smd)
    (fp_text reference C7 (at 0 -1.65) (layer F.SilkS)
      (effects (font (size 1 1) (thickness 0.15)))
    )
    (fp_text value 100nF (at 0 1.65) (layer F.Fab)
      (effects (font (size 1 1) (thickness 0.15)))
    )
    (fp_line (start 1.85 0.95) (end -1.85 0.95) (layer F.CrtYd) (width 0.05))
    (fp_line (start 1.85 -0.95) (end 1.85 0.95) (layer F.CrtYd) (width 0.05))
    (fp_line (start -1.85 -0.95) (end 1.85 -0.95) (layer F.CrtYd) (width 0.05))
    (fp_line (start -1.85 0.95) (end -1.85 -0.95) (layer F.CrtYd) (width 0.05))
    (fp_line (start -0.261252 0.71) (end 0.261252 0.71) (layer F.SilkS) (width 0.12))
    (fp_line (start -0.261252 -0.71) (end 0.261252 -0.71) (layer F.SilkS) (width 0.12))
    (fp_line (start 1 0.6) (end -1 0.6) (layer F.Fab) (width 0.1))
    (fp_line (start 1 -0.6) (end 1 0.6) (layer F.Fab) (width 0.1))
    (fp_line (start -1 -0.6) (end 1 -0.6) (layer F.Fab) (width 0.1))
    (fp_line (start -1 0.6) (end -1 -0.6) (layer F.Fab) (width 0.1))
    (fp_text user %R (at 0 0) (layer F.Fab)
      (effects (font (size 0.5 0.5) (thickness 0.08)))
    )
    (pad 1 smd roundrect (at -1.025 0) (size 1.15 1.4) (layers F.Cu F.Paste F.Mask) (roundrect_rratio 0.217391)
      (net 3 RTD1_N))
    (pad 2 smd roundrect (at 1.025 0) (size 1.15 1.4) (layers F.Cu F.Paste F.Mask) (roundrect_rratio 0.217391)
      (net 4 RTD1_P))
    (model ${KISYS3DMOD}/Capacitor_SMD.3dshapes/C_0805_2012Metric.wrl
      (at (xyz 0 0 0))
      (scale (xyz 1 1 1))
      (rotate (xyz 0 0 0))
    )
  )

  (module Capacitor_SMD:C_0805_2012Metric_Pad1.15x1.40mm_HandSolder (layer F.Cu) (tedit 5B36C52B) (tstamp 613FA2F3)
    (at 107.331001 80.553001)
    (descr "Capacitor SMD 0805 (2012 Metric), square (rectangular) end terminal, IPC_7351 nominal with elongated pad for handsoldering. (Body size source: https://docs.google.com/spreadsheets/d/1BsfQQcO9C6DZCsRaXUlFlo91Tg2WpOkGARC1WS5S8t0/edit?usp=sharing), generated with kicad-footprint-generator")
    (tags "capacitor handsolder")
    (path /6151116C)
    (attr smd)
    (fp_text reference C8 (at 0 -1.65) (layer F.SilkS)
      (effects (font (size 1 1) (thickness 0.15)))
    )
    (fp_text value 100nF (at 0 1.65) (layer F.Fab)
      (effects (font (size 1 1) (thickness 0.15)))
    )
    (fp_text user %R (at 0 0) (layer F.Fab)
      (effects (font (size 0.5 0.5) (thickness 0.08)))
    )
    (fp_line (start -1 0.6) (end -1 -0.6) (layer F.Fab) (width 0.1))
    (fp_line (start -1 -0.6) (end 1 -0.6) (layer F.Fab) (width 0.1))
    (fp_line (start 1 -0.6) (end 1 0.6) (layer F.Fab) (width 0.1))
    (fp_line (start 1 0.6) (end -1 0.6) (layer F.Fab) (width 0.1))
    (fp_line (start -0.261252 -0.71) (end 0.261252 -0.71) (layer F.SilkS) (width 0.12))
    (fp_line (start -0.261252 0.71) (end 0.261252 0.71) (layer F.SilkS) (width 0.12))
    (fp_line (start -1.85 0.95) (end -1.85 -0.95) (layer F.CrtYd) (width 0.05))
    (fp_line (start -1.85 -0.95) (end 1.85 -0.95) (layer F.CrtYd) (width 0.05))
    (fp_line (start 1.85 -0.95) (end 1.85 0.95) (layer F.CrtYd) (width 0.05))
    (fp_line (start 1.85 0.95) (end -1.85 0.95) (layer F.CrtYd) (width 0.05))
    (pad 2 smd roundrect (at 1.025 0) (size 1.15 1.4) (layers F.Cu F.Paste F.Mask) (roundrect_rratio 0.217391)
      (net 5 RTD2_P))
    (pad 1 smd roundrect (at -1.025 0) (size 1.15 1.4) (layers F.Cu F.Paste F.Mask) (roundrect_rratio 0.217391)
      (net 6 RTD2_N))
    (model ${KISYS3DMOD}/Capacitor_SMD.3dshapes/C_0805_2012Metric.wrl
      (at (xyz 0 0 0))
      (scale (xyz 1 1 1))
      (rotate (xyz 0 0 0))
    )
  )

  (module Capacitor_SMD:C_0805_2012Metric_Pad1.15x1.40mm_HandSolder (layer F.Cu) (tedit 5B36C52B) (tstamp 613FA304)
    (at 99.451001 91.033001)
    (descr "Capacitor SMD 0805 (2012 Metric), square (rectangular) end terminal, IPC_7351 nominal with elongated pad for handsoldering. (Body size source: https://docs.google.com/spreadsheets/d/1BsfQQcO9C6DZCsRaXUlFlo91Tg2WpOkGARC1WS5S8t0/edit?usp=sharing), generated with kicad-footprint-generator")
    (tags "capacitor handsolder")
    (path /61520E1C)
    (attr smd)
    (fp_text reference C9 (at 0 -1.65) (layer F.SilkS)
      (effects (font (size 1 1) (thickness 0.15)))
    )
    (fp_text value 100nF (at 0 1.65) (layer F.Fab)
      (effects (font (size 1 1) (thickness 0.15)))
    )
    (fp_text user %R (at 0 0) (layer F.Fab)
      (effects (font (size 0.5 0.5) (thickness 0.08)))
    )
    (fp_line (start -1 0.6) (end -1 -0.6) (layer F.Fab) (width 0.1))
    (fp_line (start -1 -0.6) (end 1 -0.6) (layer F.Fab) (width 0.1))
    (fp_line (start 1 -0.6) (end 1 0.6) (layer F.Fab) (width 0.1))
    (fp_line (start 1 0.6) (end -1 0.6) (layer F.Fab) (width 0.1))
    (fp_line (start -0.261252 -0.71) (end 0.261252 -0.71) (layer F.SilkS) (width 0.12))
    (fp_line (start -0.261252 0.71) (end 0.261252 0.71) (layer F.SilkS) (width 0.12))
    (fp_line (start -1.85 0.95) (end -1.85 -0.95) (layer F.CrtYd) (width 0.05))
    (fp_line (start -1.85 -0.95) (end 1.85 -0.95) (layer F.CrtYd) (width 0.05))
    (fp_line (start 1.85 -0.95) (end 1.85 0.95) (layer F.CrtYd) (width 0.05))
    (fp_line (start 1.85 0.95) (end -1.85 0.95) (layer F.CrtYd) (width 0.05))
    (pad 2 smd roundrect (at 1.025 0) (size 1.15 1.4) (layers F.Cu F.Paste F.Mask) (roundrect_rratio 0.217391)
      (net 7 RTD3_P))
    (pad 1 smd roundrect (at -1.025 0) (size 1.15 1.4) (layers F.Cu F.Paste F.Mask) (roundrect_rratio 0.217391)
      (net 8 RTD3_N))
    (model ${KISYS3DMOD}/Capacitor_SMD.3dshapes/C_0805_2012Metric.wrl
      (at (xyz 0 0 0))
      (scale (xyz 1 1 1))
      (rotate (xyz 0 0 0))
    )
  )

  (module Capacitor_THT:CP_Radial_D5.0mm_P2.00mm (layer F.Cu) (tedit 5AE50EF0) (tstamp 613FA387)
    (at 88.060776 91.713001)
    (descr "CP, Radial series, Radial, pin pitch=2.00mm, , diameter=5mm, Electrolytic Capacitor")
    (tags "CP Radial series Radial pin pitch 2.00mm  diameter 5mm Electrolytic Capacitor")
    (path /616840FC)
    (fp_text reference C10 (at 1 -3.75) (layer F.SilkS)
      (effects (font (size 1 1) (thickness 0.15)))
    )
    (fp_text value 47uF (at 1 3.75) (layer F.Fab)
      (effects (font (size 1 1) (thickness 0.15)))
    )
    (fp_line (start -1.554775 -1.725) (end -1.554775 -1.225) (layer F.SilkS) (width 0.12))
    (fp_line (start -1.804775 -1.475) (end -1.304775 -1.475) (layer F.SilkS) (width 0.12))
    (fp_line (start 3.601 -0.284) (end 3.601 0.284) (layer F.SilkS) (width 0.12))
    (fp_line (start 3.561 -0.518) (end 3.561 0.518) (layer F.SilkS) (width 0.12))
    (fp_line (start 3.521 -0.677) (end 3.521 0.677) (layer F.SilkS) (width 0.12))
    (fp_line (start 3.481 -0.805) (end 3.481 0.805) (layer F.SilkS) (width 0.12))
    (fp_line (start 3.441 -0.915) (end 3.441 0.915) (layer F.SilkS) (width 0.12))
    (fp_line (start 3.401 -1.011) (end 3.401 1.011) (layer F.SilkS) (width 0.12))
    (fp_line (start 3.361 -1.098) (end 3.361 1.098) (layer F.SilkS) (width 0.12))
    (fp_line (start 3.321 -1.178) (end 3.321 1.178) (layer F.SilkS) (width 0.12))
    (fp_line (start 3.281 -1.251) (end 3.281 1.251) (layer F.SilkS) (width 0.12))
    (fp_line (start 3.241 -1.319) (end 3.241 1.319) (layer F.SilkS) (width 0.12))
    (fp_line (start 3.201 -1.383) (end 3.201 1.383) (layer F.SilkS) (width 0.12))
    (fp_line (start 3.161 -1.443) (end 3.161 1.443) (layer F.SilkS) (width 0.12))
    (fp_line (start 3.121 -1.5) (end 3.121 1.5) (layer F.SilkS) (width 0.12))
    (fp_line (start 3.081 -1.554) (end 3.081 1.554) (layer F.SilkS) (width 0.12))
    (fp_line (start 3.041 -1.605) (end 3.041 1.605) (layer F.SilkS) (width 0.12))
    (fp_line (start 3.001 1.04) (end 3.001 1.653) (layer F.SilkS) (width 0.12))
    (fp_line (start 3.001 -1.653) (end 3.001 -1.04) (layer F.SilkS) (width 0.12))
    (fp_line (start 2.961 1.04) (end 2.961 1.699) (layer F.SilkS) (width 0.12))
    (fp_line (start 2.961 -1.699) (end 2.961 -1.04) (layer F.SilkS) (width 0.12))
    (fp_line (start 2.921 1.04) (end 2.921 1.743) (layer F.SilkS) (width 0.12))
    (fp_line (start 2.921 -1.743) (end 2.921 -1.04) (layer F.SilkS) (width 0.12))
    (fp_line (start 2.881 1.04) (end 2.881 1.785) (layer F.SilkS) (width 0.12))
    (fp_line (start 2.881 -1.785) (end 2.881 -1.04) (layer F.SilkS) (width 0.12))
    (fp_line (start 2.841 1.04) (end 2.841 1.826) (layer F.SilkS) (width 0.12))
    (fp_line (start 2.841 -1.826) (end 2.841 -1.04) (layer F.SilkS) (width 0.12))
    (fp_line (start 2.801 1.04) (end 2.801 1.864) (layer F.SilkS) (width 0.12))
    (fp_line (start 2.801 -1.864) (end 2.801 -1.04) (layer F.SilkS) (width 0.12))
    (fp_line (start 2.761 1.04) (end 2.761 1.901) (layer F.SilkS) (width 0.12))
    (fp_line (start 2.761 -1.901) (end 2.761 -1.04) (layer F.SilkS) (width 0.12))
    (fp_line (start 2.721 1.04) (end 2.721 1.937) (layer F.SilkS) (width 0.12))
    (fp_line (start 2.721 -1.937) (end 2.721 -1.04) (layer F.SilkS) (width 0.12))
    (fp_line (start 2.681 1.04) (end 2.681 1.971) (layer F.SilkS) (width 0.12))
    (fp_line (start 2.681 -1.971) (end 2.681 -1.04) (layer F.SilkS) (width 0.12))
    (fp_line (start 2.641 1.04) (end 2.641 2.004) (layer F.SilkS) (width 0.12))
    (fp_line (start 2.641 -2.004) (end 2.641 -1.04) (layer F.SilkS) (width 0.12))
    (fp_line (start 2.601 1.04) (end 2.601 2.035) (layer F.SilkS) (width 0.12))
    (fp_line (start 2.601 -2.035) (end 2.601 -1.04) (layer F.SilkS) (width 0.12))
    (fp_line (start 2.561 1.04) (end 2.561 2.065) (layer F.SilkS) (width 0.12))
    (fp_line (start 2.561 -2.065) (end 2.561 -1.04) (layer F.SilkS) (width 0.12))
    (fp_line (start 2.521 1.04) (end 2.521 2.095) (layer F.SilkS) (width 0.12))
    (fp_line (start 2.521 -2.095) (end 2.521 -1.04) (layer F.SilkS) (width 0.12))
    (fp_line (start 2.481 1.04) (end 2.481 2.122) (layer F.SilkS) (width 0.12))
    (fp_line (start 2.481 -2.122) (end 2.481 -1.04) (layer F.SilkS) (width 0.12))
    (fp_line (start 2.441 1.04) (end 2.441 2.149) (layer F.SilkS) (width 0.12))
    (fp_line (start 2.441 -2.149) (end 2.441 -1.04) (layer F.SilkS) (width 0.12))
    (fp_line (start 2.401 1.04) (end 2.401 2.175) (layer F.SilkS) (width 0.12))
    (fp_line (start 2.401 -2.175) (end 2.401 -1.04) (layer F.SilkS) (width 0.12))
    (fp_line (start 2.361 1.04) (end 2.361 2.2) (layer F.SilkS) (width 0.12))
    (fp_line (start 2.361 -2.2) (end 2.361 -1.04) (layer F.SilkS) (width 0.12))
    (fp_line (start 2.321 1.04) (end 2.321 2.224) (layer F.SilkS) (width 0.12))
    (fp_line (start 2.321 -2.224) (end 2.321 -1.04) (layer F.SilkS) (width 0.12))
    (fp_line (start 2.281 1.04) (end 2.281 2.247) (layer F.SilkS) (width 0.12))
    (fp_line (start 2.281 -2.247) (end 2.281 -1.04) (layer F.SilkS) (width 0.12))
    (fp_line (start 2.241 1.04) (end 2.241 2.268) (layer F.SilkS) (width 0.12))
    (fp_line (start 2.241 -2.268) (end 2.241 -1.04) (layer F.SilkS) (width 0.12))
    (fp_line (start 2.201 1.04) (end 2.201 2.29) (layer F.SilkS) (width 0.12))
    (fp_line (start 2.201 -2.29) (end 2.201 -1.04) (layer F.SilkS) (width 0.12))
    (fp_line (start 2.161 1.04) (end 2.161 2.31) (layer F.SilkS) (width 0.12))
    (fp_line (start 2.161 -2.31) (end 2.161 -1.04) (layer F.SilkS) (width 0.12))
    (fp_line (start 2.121 1.04) (end 2.121 2.329) (layer F.SilkS) (width 0.12))
    (fp_line (start 2.121 -2.329) (end 2.121 -1.04) (layer F.SilkS) (width 0.12))
    (fp_line (start 2.081 1.04) (end 2.081 2.348) (layer F.SilkS) (width 0.12))
    (fp_line (start 2.081 -2.348) (end 2.081 -1.04) (layer F.SilkS) (width 0.12))
    (fp_line (start 2.041 1.04) (end 2.041 2.365) (layer F.SilkS) (width 0.12))
    (fp_line (start 2.041 -2.365) (end 2.041 -1.04) (layer F.SilkS) (width 0.12))
    (fp_line (start 2.001 1.04) (end 2.001 2.382) (layer F.SilkS) (width 0.12))
    (fp_line (start 2.001 -2.382) (end 2.001 -1.04) (layer F.SilkS) (width 0.12))
    (fp_line (start 1.961 1.04) (end 1.961 2.398) (layer F.SilkS) (width 0.12))
    (fp_line (start 1.961 -2.398) (end 1.961 -1.04) (layer F.SilkS) (width 0.12))
    (fp_line (start 1.921 1.04) (end 1.921 2.414) (layer F.SilkS) (width 0.12))
    (fp_line (start 1.921 -2.414) (end 1.921 -1.04) (layer F.SilkS) (width 0.12))
    (fp_line (start 1.881 1.04) (end 1.881 2.428) (layer F.SilkS) (width 0.12))
    (fp_line (start 1.881 -2.428) (end 1.881 -1.04) (layer F.SilkS) (width 0.12))
    (fp_line (start 1.841 1.04) (end 1.841 2.442) (layer F.SilkS) (width 0.12))
    (fp_line (start 1.841 -2.442) (end 1.841 -1.04) (layer F.SilkS) (width 0.12))
    (fp_line (start 1.801 1.04) (end 1.801 2.455) (layer F.SilkS) (width 0.12))
    (fp_line (start 1.801 -2.455) (end 1.801 -1.04) (layer F.SilkS) (width 0.12))
    (fp_line (start 1.761 1.04) (end 1.761 2.468) (layer F.SilkS) (width 0.12))
    (fp_line (start 1.761 -2.468) (end 1.761 -1.04) (layer F.SilkS) (width 0.12))
    (fp_line (start 1.721 1.04) (end 1.721 2.48) (layer F.SilkS) (width 0.12))
    (fp_line (start 1.721 -2.48) (end 1.721 -1.04) (layer F.SilkS) (width 0.12))
    (fp_line (start 1.68 1.04) (end 1.68 2.491) (layer F.SilkS) (width 0.12))
    (fp_line (start 1.68 -2.491) (end 1.68 -1.04) (layer F.SilkS) (width 0.12))
    (fp_line (start 1.64 1.04) (end 1.64 2.501) (layer F.SilkS) (width 0.12))
    (fp_line (start 1.64 -2.501) (end 1.64 -1.04) (layer F.SilkS) (width 0.12))
    (fp_line (start 1.6 1.04) (end 1.6 2.511) (layer F.SilkS) (width 0.12))
    (fp_line (start 1.6 -2.511) (end 1.6 -1.04) (layer F.SilkS) (width 0.12))
    (fp_line (start 1.56 1.04) (end 1.56 2.52) (layer F.SilkS) (width 0.12))
    (fp_line (start 1.56 -2.52) (end 1.56 -1.04) (layer F.SilkS) (width 0.12))
    (fp_line (start 1.52 1.04) (end 1.52 2.528) (layer F.SilkS) (width 0.12))
    (fp_line (start 1.52 -2.528) (end 1.52 -1.04) (layer F.SilkS) (width 0.12))
    (fp_line (start 1.48 1.04) (end 1.48 2.536) (layer F.SilkS) (width 0.12))
    (fp_line (start 1.48 -2.536) (end 1.48 -1.04) (layer F.SilkS) (width 0.12))
    (fp_line (start 1.44 1.04) (end 1.44 2.543) (layer F.SilkS) (width 0.12))
    (fp_line (start 1.44 -2.543) (end 1.44 -1.04) (layer F.SilkS) (width 0.12))
    (fp_line (start 1.4 1.04) (end 1.4 2.55) (layer F.SilkS) (width 0.12))
    (fp_line (start 1.4 -2.55) (end 1.4 -1.04) (layer F.SilkS) (width 0.12))
    (fp_line (start 1.36 1.04) (end 1.36 2.556) (layer F.SilkS) (width 0.12))
    (fp_line (start 1.36 -2.556) (end 1.36 -1.04) (layer F.SilkS) (width 0.12))
    (fp_line (start 1.32 1.04) (end 1.32 2.561) (layer F.SilkS) (width 0.12))
    (fp_line (start 1.32 -2.561) (end 1.32 -1.04) (layer F.SilkS) (width 0.12))
    (fp_line (start 1.28 1.04) (end 1.28 2.565) (layer F.SilkS) (width 0.12))
    (fp_line (start 1.28 -2.565) (end 1.28 -1.04) (layer F.SilkS) (width 0.12))
    (fp_line (start 1.24 1.04) (end 1.24 2.569) (layer F.SilkS) (width 0.12))
    (fp_line (start 1.24 -2.569) (end 1.24 -1.04) (layer F.SilkS) (width 0.12))
    (fp_line (start 1.2 1.04) (end 1.2 2.573) (layer F.SilkS) (width 0.12))
    (fp_line (start 1.2 -2.573) (end 1.2 -1.04) (layer F.SilkS) (width 0.12))
    (fp_line (start 1.16 1.04) (end 1.16 2.576) (layer F.SilkS) (width 0.12))
    (fp_line (start 1.16 -2.576) (end 1.16 -1.04) (layer F.SilkS) (width 0.12))
    (fp_line (start 1.12 1.04) (end 1.12 2.578) (layer F.SilkS) (width 0.12))
    (fp_line (start 1.12 -2.578) (end 1.12 -1.04) (layer F.SilkS) (width 0.12))
    (fp_line (start 1.08 1.04) (end 1.08 2.579) (layer F.SilkS) (width 0.12))
    (fp_line (start 1.08 -2.579) (end 1.08 -1.04) (layer F.SilkS) (width 0.12))
    (fp_line (start 1.04 -2.58) (end 1.04 -1.04) (layer F.SilkS) (width 0.12))
    (fp_line (start 1.04 1.04) (end 1.04 2.58) (layer F.SilkS) (width 0.12))
    (fp_line (start 1 -2.58) (end 1 -1.04) (layer F.SilkS) (width 0.12))
    (fp_line (start 1 1.04) (end 1 2.58) (layer F.SilkS) (width 0.12))
    (fp_line (start -0.883605 -1.3375) (end -0.883605 -0.8375) (layer F.Fab) (width 0.1))
    (fp_line (start -1.133605 -1.0875) (end -0.633605 -1.0875) (layer F.Fab) (width 0.1))
    (fp_circle (center 1 0) (end 3.75 0) (layer F.CrtYd) (width 0.05))
    (fp_circle (center 1 0) (end 3.62 0) (layer F.SilkS) (width 0.12))
    (fp_circle (center 1 0) (end 3.5 0) (layer F.Fab) (width 0.1))
    (fp_text user %R (at 1 0) (layer F.Fab)
      (effects (font (size 1 1) (thickness 0.15)))
    )
    (pad 1 thru_hole rect (at 0 0) (size 1.6 1.6) (drill 0.8) (layers *.Cu *.Mask)
      (net 9 "Net-(C10-Pad1)"))
    (pad 2 thru_hole circle (at 2 0) (size 1.6 1.6) (drill 0.8) (layers *.Cu *.Mask)
      (net 1 GND))
    (model ${KISYS3DMOD}/Capacitor_THT.3dshapes/CP_Radial_D5.0mm_P2.00mm.wrl
      (at (xyz 0 0 0))
      (scale (xyz 1 1 1))
      (rotate (xyz 0 0 0))
    )
  )

  (module Capacitor_SMD:C_0805_2012Metric_Pad1.15x1.40mm_HandSolder (layer F.Cu) (tedit 5B36C52B) (tstamp 613FA398)
    (at 112.081001 76.863001)
    (descr "Capacitor SMD 0805 (2012 Metric), square (rectangular) end terminal, IPC_7351 nominal with elongated pad for handsoldering. (Body size source: https://docs.google.com/spreadsheets/d/1BsfQQcO9C6DZCsRaXUlFlo91Tg2WpOkGARC1WS5S8t0/edit?usp=sharing), generated with kicad-footprint-generator")
    (tags "capacitor handsolder")
    (path /6170BE1D)
    (attr smd)
    (fp_text reference C11 (at 0 -1.65) (layer F.SilkS)
      (effects (font (size 1 1) (thickness 0.15)))
    )
    (fp_text value 1uF (at 0 1.65) (layer F.Fab)
      (effects (font (size 1 1) (thickness 0.15)))
    )
    (fp_text user %R (at 0 0) (layer F.Fab)
      (effects (font (size 0.5 0.5) (thickness 0.08)))
    )
    (fp_line (start -1 0.6) (end -1 -0.6) (layer F.Fab) (width 0.1))
    (fp_line (start -1 -0.6) (end 1 -0.6) (layer F.Fab) (width 0.1))
    (fp_line (start 1 -0.6) (end 1 0.6) (layer F.Fab) (width 0.1))
    (fp_line (start 1 0.6) (end -1 0.6) (layer F.Fab) (width 0.1))
    (fp_line (start -0.261252 -0.71) (end 0.261252 -0.71) (layer F.SilkS) (width 0.12))
    (fp_line (start -0.261252 0.71) (end 0.261252 0.71) (layer F.SilkS) (width 0.12))
    (fp_line (start -1.85 0.95) (end -1.85 -0.95) (layer F.CrtYd) (width 0.05))
    (fp_line (start -1.85 -0.95) (end 1.85 -0.95) (layer F.CrtYd) (width 0.05))
    (fp_line (start 1.85 -0.95) (end 1.85 0.95) (layer F.CrtYd) (width 0.05))
    (fp_line (start 1.85 0.95) (end -1.85 0.95) (layer F.CrtYd) (width 0.05))
    (pad 2 smd roundrect (at 1.025 0) (size 1.15 1.4) (layers F.Cu F.Paste F.Mask) (roundrect_rratio 0.217391)
      (net 2 +3V3))
    (pad 1 smd roundrect (at -1.025 0) (size 1.15 1.4) (layers F.Cu F.Paste F.Mask) (roundrect_rratio 0.217391)
      (net 1 GND))
    (model ${KISYS3DMOD}/Capacitor_SMD.3dshapes/C_0805_2012Metric.wrl
      (at (xyz 0 0 0))
      (scale (xyz 1 1 1))
      (rotate (xyz 0 0 0))
    )
  )

  (module Capacitor_SMD:C_0805_2012Metric_Pad1.15x1.40mm_HandSolder (layer F.Cu) (tedit 5B36C52B) (tstamp 613FA3A9)
    (at 59.381001 93.763001)
    (descr "Capacitor SMD 0805 (2012 Metric), square (rectangular) end terminal, IPC_7351 nominal with elongated pad for handsoldering. (Body size source: https://docs.google.com/spreadsheets/d/1BsfQQcO9C6DZCsRaXUlFlo91Tg2WpOkGARC1WS5S8t0/edit?usp=sharing), generated with kicad-footprint-generator")
    (tags "capacitor handsolder")
    (path /6152F434)
    (attr smd)
    (fp_text reference C12 (at 0 -1.65) (layer F.SilkS)
      (effects (font (size 1 1) (thickness 0.15)))
    )
    (fp_text value 0.1uF (at 0 1.65) (layer F.Fab)
      (effects (font (size 1 1) (thickness 0.15)))
    )
    (fp_text user %R (at 0 0) (layer F.Fab)
      (effects (font (size 0.5 0.5) (thickness 0.08)))
    )
    (fp_line (start -1 0.6) (end -1 -0.6) (layer F.Fab) (width 0.1))
    (fp_line (start -1 -0.6) (end 1 -0.6) (layer F.Fab) (width 0.1))
    (fp_line (start 1 -0.6) (end 1 0.6) (layer F.Fab) (width 0.1))
    (fp_line (start 1 0.6) (end -1 0.6) (layer F.Fab) (width 0.1))
    (fp_line (start -0.261252 -0.71) (end 0.261252 -0.71) (layer F.SilkS) (width 0.12))
    (fp_line (start -0.261252 0.71) (end 0.261252 0.71) (layer F.SilkS) (width 0.12))
    (fp_line (start -1.85 0.95) (end -1.85 -0.95) (layer F.CrtYd) (width 0.05))
